%YAML:1.0
---
image_width: 1920
image_height: 1080
camera_matrix: !!opencv-matrix
   rows: 3
   cols: 3
   dt: d
   data: [ 1.4369206538842113e+03, 0., 9.5122386034354270e+02, 0.,
       1.4418244275853381e+03, 5.1912124696530680e+02, 0., 0., 1. ]
distortion_coefficients: !!opencv-matrix
   rows: 1
   cols: 5
   dt: d
   data: [ 6.5303001780276981e-02, -2.9265632899852784e-01,
       -4.1383287459921926e-03, 4.4829021879381716e-04,
       6.4079127860048879e-01 ]
